%YAML:1.0
---
model_type: KANNALA_BRANDT
camera_name: camera
image_width: 1280
image_height: 960
projection_parameters:
   k2: -0.01642748364
   k3: 0.0192921420
   k4: -0.024398546485
   k5: 0.0154942460862
   mu: 677.147
   mv: 677.348
   u0: 632.705
   v0: 502.317